   0.0000000e+00   8.0000000e+01   0.0000000e+00   1.0000000e+03   7.6215900e+01
   5.0000000e-02   8.0000000e+01   0.0000000e+00   1.0000000e+03   7.6399179e+01
   1.0000000e-01   8.0000000e+01   1.4406035e-01   1.0000000e+03   7.7112451e+01
   1.5000000e-01   8.0000000e+01   1.2870284e+00   1.0000000e+03   7.8261268e+01
   2.0000000e-01   8.0000000e+01   2.5967558e+00   1.0000000e+03   7.9573705e+01
   2.5000000e-01   8.0000000e+01   3.7532853e+00   1.0000000e+03   8.0729799e+01
   3.0000000e-01   8.0000000e+01   4.5003606e+00   1.0000000e+03   8.1474022e+01
   3.5000000e-01   8.0000000e+01   4.7143937e+00   1.0000000e+03   8.1683999e+01
   4.0000000e-01   8.0000000e+01   4.4320893e+00   1.0000000e+03   8.1397755e+01
   4.5000000e-01   8.0000000e+01   3.8189537e+00   1.0000000e+03   8.0781850e+01
   5.0000000e-01   8.0000000e+01   3.0952280e+00   1.0000000e+03   8.0057078e+01
   5.5000000e-01   8.0000000e+01   2.4600389e+00   1.0000000e+03   7.9422577e+01
   6.0000000e-01   8.0000000e+01   2.0446741e+00   1.0000000e+03   7.9009230e+01
   6.5000000e-01   8.0000000e+01   1.8997639e+00   1.0000000e+03   7.8867033e+01
   7.0000000e-01   8.0000000e+01   2.0050187e+00   1.0000000e+03   7.8975032e+01
   7.5000000e-01   8.0000000e+01   2.2894434e+00   1.0000000e+03   7.9261689e+01
   8.0000000e-01   8.0000000e+01   2.6553525e+00   1.0000000e+03   7.9628992e+01
   8.5000000e-01   8.0000000e+01   3.0031021e+00   1.0000000e+03   7.9977221e+01
   9.0000000e-01   8.0000000e+01   3.2535291e+00   1.0000000e+03   8.0227367e+01
   9.5000000e-01   8.0000000e+01   3.3638130e+00   1.0000000e+03   8.0336915e+01
   1.0000000e+00   8.0000000e+01   3.3327077e+00   1.0000000e+03   8.0304980e+01
   1.0500000e+00   8.0000000e+01   3.1940517e+00   1.0000000e+03   8.0165719e+01
   1.1000000e+00   8.0000000e+01   3.0017433e+00   1.0000000e+03   7.9973232e+01
   1.1500000e+00   8.0000000e+01   2.8121728e+00   1.0000000e+03   7.9783971e+01
   1.2000000e+00   8.0000000e+01   2.6698094e+00   1.0000000e+03   7.9642338e+01
   1.2500000e+00   8.0000000e+01   2.5990868e+00   1.0000000e+03   7.9572613e+01
   1.3000000e+00   8.0000000e+01   2.6029038e+00   1.0000000e+03   7.9577507e+01
   1.3500000e+00   8.0000000e+01   2.6663061e+00   1.0000000e+03   7.9641895e+01
   1.4000000e+00   8.0000000e+01   2.7633132e+00   1.0000000e+03   7.9739680e+01
   1.4500000e+00   8.0000000e+01   2.8648704e+00   1.0000000e+03   7.9841758e+01
   1.5000000e+00   8.0000000e+01   2.9461152e+00   1.0000000e+03   7.9923290e+01
   1.5500000e+00   8.0000000e+01   2.9914942e+00   1.0000000e+03   7.9968796e+01
   1.6000000e+00   8.0000000e+01   2.9968436e+00   1.0000000e+03   7.9974208e+01
   1.6500000e+00   8.0000000e+01   2.9683538e+00   1.0000000e+03   7.9945813e+01
   1.7000000e+00   8.0000000e+01   2.9191656e+00   1.0000000e+03   7.9896819e+01
   1.7500000e+00   8.0000000e+01   2.8648821e+00   1.0000000e+03   7.9842861e+01
   1.8000000e+00   8.0000000e+01   2.8193458e+00   1.0000000e+03   7.9797777e+01
   1.8500000e+00   8.0000000e+01   2.7916817e+00   1.0000000e+03   7.9770657e+01
   1.9000000e+00   8.0000000e+01   2.7850548e+00   1.0000000e+03   7.9764615e+01
   1.9500000e+00   8.0000000e+01   2.7970719e+00   1.0000000e+03   7.9777208e+01
   2.0000000e+00   8.0000000e+01   2.8213977e+00   1.0000000e+03   7.9802062e+01
   2.0500000e+00   8.0000000e+01   2.8499769e+00   1.0000000e+03   7.9831099e+01
   2.1000000e+00   8.0000000e+01   2.8752466e+00   1.0000000e+03   7.9856758e+01
   2.1500000e+00   8.0000000e+01   2.8918309e+00   1.0000000e+03   7.9873677e+01
   2.2000000e+00   8.0000000e+01   2.8974136e+00   1.0000000e+03   7.9879566e+01
   2.2500000e+00   8.0000000e+01   2.8927243e+00   1.0000000e+03   7.9875181e+01
   2.3000000e+00   8.0000000e+01   2.8807981e+00   1.0000000e+03   7.9863580e+01
   2.3500000e+00   8.0000000e+01   2.8658203e+00   1.0000000e+03   7.9848962e+01
   2.4000000e+00   8.0000000e+01   2.8519132e+00   1.0000000e+03   7.9835450e+01
   2.4500000e+00   8.0000000e+01   2.8421686e+00   1.0000000e+03   7.9826129e+01
   2.5000000e+00   8.0000000e+01   2.8381097e+00   1.0000000e+03   7.9822511e+01
   2.5500000e+00   8.0000000e+01   2.8396278e+00   1.0000000e+03   7.9824471e+01
   2.6000000e+00   8.0000000e+01   2.8453148e+00   1.0000000e+03   7.9830590e+01
   2.6500000e+00   8.0000000e+01   2.8530398e+00   1.0000000e+03   7.9838729e+01
   2.7000000e+00   8.0000000e+01   2.8605880e+00   1.0000000e+03   7.9846670e+01
   2.7500000e+00   8.0000000e+01   2.8662005e+00   1.0000000e+03   7.9852658e+01
   2.8000000e+00   8.0000000e+01   2.8689061e+00   1.0000000e+03   7.9855727e+01
   2.8500000e+00   8.0000000e+01   2.8686045e+00   1.0000000e+03   7.9855786e+01
   2.9000000e+00   8.0000000e+01   2.8659277e+00   1.0000000e+03   7.9853472e+01
   2.9500000e+00   8.0000000e+01   2.8619526e+00   1.0000000e+03   7.9849867e+01
   3.0000000e+00   8.0000000e+01   2.8578622e+00   1.0000000e+03   7.9846157e+01
   3.0500000e+00   8.0000000e+01   2.8546447e+00   1.0000000e+03   7.9843328e+01
   3.1000000e+00   8.0000000e+01   2.8528959e+00   1.0000000e+03   7.9841973e+01
   3.1500000e+00   8.0000000e+01   2.8527518e+00   1.0000000e+03   7.9842224e+01
   3.2000000e+00   8.0000000e+01   2.8539430e+00   1.0000000e+03   7.9843808e+01
   3.2500000e+00   8.0000000e+01   2.8559337e+00   1.0000000e+03   7.9846186e+01
   3.3000000e+00   8.0000000e+01   2.8580996e+00   1.0000000e+03   7.9848733e+01
   3.3500000e+00   8.0000000e+01   2.8598913e+00   1.0000000e+03   7.9850900e+01
   3.4000000e+00   8.0000000e+01   2.8609513e+00   1.0000000e+03   7.9852331e+01
   3.4500000e+00   8.0000000e+01   2.8611624e+00   1.0000000e+03   7.9852910e+01
   3.5000000e+00   8.0000000e+01   2.8606308e+00   1.0000000e+03   7.9852747e+01
   3.5500000e+00   8.0000000e+01   2.8596186e+00   1.0000000e+03   7.9852103e+01
   3.6000000e+00   8.0000000e+01   2.8584530e+00   1.0000000e+03   7.9851308e+01
   3.6500000e+00   8.0000000e+01   2.8574361e+00   1.0000000e+03   7.9850664e+01
   3.7000000e+00   8.0000000e+01   2.8567783e+00   1.0000000e+03   7.9850380e+01
   3.7500000e+00   8.0000000e+01   2.8565651e+00   1.0000000e+03   7.9850541e+01
   3.8000000e+00   8.0000000e+01   2.8567610e+00   1.0000000e+03   7.9851110e+01
   3.8500000e+00   8.0000000e+01   2.8572398e+00   1.0000000e+03   7.9851960e+01
   3.9000000e+00   8.0000000e+01   2.8578323e+00   1.0000000e+03   7.9852921e+01
   3.9500000e+00   8.0000000e+01   2.8583737e+00   1.0000000e+03   7.9853829e+01
   4.0000000e+00   8.0000000e+01   2.8587424e+00   1.0000000e+03   7.9854562e+01
   4.0500000e+00   8.0000000e+01   2.8588805e+00   1.0000000e+03   7.9855063e+01
   4.1000000e+00   8.0000000e+01   2.8587955e+00   1.0000000e+03   7.9855340e+01
   4.1500000e+00   8.0000000e+01   2.8585466e+00   1.0000000e+03   7.9855453e+01
   4.2000000e+00   8.0000000e+01   2.8582207e+00   1.0000000e+03   7.9855488e+01
   4.2500000e+00   8.0000000e+01   2.8579065e+00   1.0000000e+03   7.9855535e+01
   4.3000000e+00   8.0000000e+01   2.8576736e+00   1.0000000e+03   7.9855663e+01
   4.3500000e+00   8.0000000e+01   2.8575591e+00   1.0000000e+03   7.9855909e+01
   4.4000000e+00   8.0000000e+01   2.8575651e+00   1.0000000e+03   7.9856275e+01
   4.4500000e+00   8.0000000e+01   2.8576649e+00   1.0000000e+03   7.9856734e+01
   4.5000000e+00   8.0000000e+01   2.8578143e+00   1.0000000e+03   7.9857241e+01
   4.5500000e+00   8.0000000e+01   2.8579658e+00   1.0000000e+03   7.9857749e+01
   4.6000000e+00   8.0000000e+01   2.8580804e+00   1.0000000e+03   7.9858218e+01
   4.6500000e+00   8.0000000e+01   2.8581350e+00   1.0000000e+03   7.9858627e+01
   4.7000000e+00   8.0000000e+01   2.8581250e+00   1.0000000e+03   7.9858970e+01
   4.7500000e+00   8.0000000e+01   2.8580623e+00   1.0000000e+03   7.9859259e+01
   4.8000000e+00   8.0000000e+01   2.8579687e+00   1.0000000e+03   7.9859517e+01
   4.8500000e+00   8.0000000e+01   2.8578695e+00   1.0000000e+03   7.9859769e+01
   4.9000000e+00   8.0000000e+01   2.8577865e+00   1.0000000e+03   7.9860036e+01
   4.9500000e+00   8.0000000e+01   2.8577336e+00   1.0000000e+03   7.9860333e+01
   5.0000000e+00   8.0000000e+01   2.8577149e+00   1.0000000e+03   7.9860663e+01
   5.0500000e+00   8.0000000e+01   2.8577258e+00   1.0000000e+03   7.9861022e+01
   5.1000000e+00   8.0000000e+01   2.8577553e+00   1.0000000e+03   7.9861398e+01
   5.1500000e+00   8.0000000e+01   2.8577903e+00   1.0000000e+03   7.9861779e+01
   5.2000000e+00   8.0000000e+01   2.8578187e+00   1.0000000e+03   7.9862153e+01
   5.2500000e+00   8.0000000e+01   2.8578324e+00   1.0000000e+03   7.9862510e+01
   5.3000000e+00   8.0000000e+01   2.8578280e+00   1.0000000e+03   7.9862849e+01
   5.3500000e+00   8.0000000e+01   2.8578074e+00   1.0000000e+03   7.9863171e+01
   5.4000000e+00   8.0000000e+01   2.8577758e+00   1.0000000e+03   7.9863481e+01
   5.4500000e+00   8.0000000e+01   2.8577400e+00   1.0000000e+03   7.9863786e+01
   5.5000000e+00   8.0000000e+01   2.8577067e+00   1.0000000e+03   7.9864093e+01
   5.5500000e+00   8.0000000e+01   2.8576806e+00   1.0000000e+03   7.9864406e+01
   5.6000000e+00   8.0000000e+01   2.8576638e+00   1.0000000e+03   7.9864728e+01
   5.6500000e+00   8.0000000e+01   2.8576560e+00   1.0000000e+03   7.9865058e+01
   5.7000000e+00   8.0000000e+01   2.8576547e+00   1.0000000e+03   7.9865394e+01
   5.7500000e+00   8.0000000e+01   2.8576563e+00   1.0000000e+03   7.9865732e+01
   5.8000000e+00   8.0000000e+01   2.8576572e+00   1.0000000e+03   7.9866068e+01
   5.8500000e+00   8.0000000e+01   2.8576548e+00   1.0000000e+03   7.9866400e+01
   5.9000000e+00   8.0000000e+01   2.8576475e+00   1.0000000e+03   7.9866726e+01
   5.9500000e+00   8.0000000e+01   2.8576355e+00   1.0000000e+03   7.9867047e+01
   6.0000000e+00   8.0000000e+01   2.8576198e+00   1.0000000e+03   7.9867363e+01
   6.0500000e+00   8.0000000e+01   2.8576022e+00   1.0000000e+03   7.9867677e+01
   6.1000000e+00   8.0000000e+01   2.8575847e+00   1.0000000e+03   7.9867990e+01
   6.1500000e+00   8.0000000e+01   2.8575688e+00   1.0000000e+03   7.9868303e+01
   6.2000000e+00   8.0000000e+01   2.8575554e+00   1.0000000e+03   7.9868619e+01
   6.2500000e+00   8.0000000e+01   2.8575446e+00   1.0000000e+03   7.9868936e+01
   6.3000000e+00   8.0000000e+01   2.8575359e+00   1.0000000e+03   7.9869255e+01
   6.3500000e+00   8.0000000e+01   2.8575284e+00   1.0000000e+03   7.9869574e+01
   6.4000000e+00   8.0000000e+01   2.8575211e+00   1.0000000e+03   7.9869892e+01
   6.4500000e+00   8.0000000e+01   2.8575131e+00   1.0000000e+03   7.9870209e+01
   6.5000000e+00   8.0000000e+01   2.8575039e+00   1.0000000e+03   7.9870524e+01
   6.5500000e+00   8.0000000e+01   2.8574934e+00   1.0000000e+03   7.9870837e+01
   6.6000000e+00   8.0000000e+01   2.8574818e+00   1.0000000e+03   7.9871147e+01
   6.6500000e+00   8.0000000e+01   2.8574694e+00   1.0000000e+03   7.9871457e+01
   6.7000000e+00   8.0000000e+01   2.8574569e+00   1.0000000e+03   7.9871765e+01
   6.7500000e+00   8.0000000e+01   2.8574447e+00   1.0000000e+03   7.9872073e+01
   6.8000000e+00   8.0000000e+01   2.8574331e+00   1.0000000e+03   7.9872381e+01
   6.8500000e+00   8.0000000e+01   2.8574223e+00   1.0000000e+03   7.9872689e+01
   6.9000000e+00   8.0000000e+01   2.8574121e+00   1.0000000e+03   7.9872997e+01
   6.9500000e+00   8.0000000e+01   2.8574024e+00   1.0000000e+03   7.9873304e+01
   7.0000000e+00   8.0000000e+01   2.8573929e+00   1.0000000e+03   7.9873611e+01
   7.0500000e+00   8.0000000e+01   7.3179278e+00   1.0951626e+03   8.4329968e+01
   7.1000000e+00   8.0000000e+01   1.2624998e+01   1.1812692e+03   8.9619252e+01
   7.1500000e+00   8.0000000e+01   1.5507567e+01   1.2591818e+03   9.2473582e+01
   7.2000000e+00   8.0000000e+01   1.5486972e+01   1.3296800e+03   9.2421264e+01
   7.2500000e+00   8.0000000e+01   1.3352641e+01   1.3934693e+03   9.0258214e+01
   7.3000000e+00   8.0000000e+01   1.0396606e+01   1.4511884e+03   8.7280193e+01
   7.3500000e+00   8.0000000e+01   7.6693431e+00   1.5034147e+03   8.4538424e+01
   7.4000000e+00   8.0000000e+01   5.4610973e+00   1.5506710e+03   8.2321836e+01
   7.4500000e+00   8.0000000e+01   4.1542058e+00   1.5934303e+03   8.1010978e+01
   7.5000000e+00   8.0000000e+01   3.5763531e+00   1.6321206e+03   8.0431493e+01
   7.5500000e+00   8.0000000e+01   3.6021261e+00   1.6671289e+03   8.0456306e+01
   7.6000000e+00   8.0000000e+01   4.0022593e+00   1.6988058e+03   8.0854882e+01
   7.6500000e+00   8.0000000e+01   1.3883667e+00   1.6323056e+03   7.8241559e+01
   7.7000000e+00   8.0000000e+01   0.0000000e+00   1.5721338e+03   7.5506715e+01
   7.7500000e+00   8.0000000e+01   0.0000000e+00   1.5176881e+03   7.3623995e+01
   7.8000000e+00   8.0000000e+01   0.0000000e+00   1.4684235e+03   7.2382799e+01
   7.8500000e+00   8.0000000e+01   0.0000000e+00   1.4238471e+03   7.1723470e+01
   7.9000000e+00   8.0000000e+01   0.0000000e+00   1.3835127e+03   7.1439937e+01
   7.9500000e+00   8.0000000e+01   0.0000000e+00   1.3470167e+03   7.1513673e+01
   8.0000000e+00   8.0000000e+01   0.0000000e+00   1.3139937e+03   7.1862101e+01
   8.0500000e+00   8.0000000e+01   0.0000000e+00   1.2891127e+03   7.2655378e+01
   8.1000000e+00   8.0000000e+01   0.0000000e+00   1.2670721e+03   7.3757255e+01
   8.1500000e+00   8.0000000e+01   0.0000000e+00   1.2475982e+03   7.5096627e+01
   8.2000000e+00   8.0000000e+01   1.0229147e+00   1.2304429e+03   7.6494390e+01
   8.2500000e+00   8.0000000e+01   2.5623129e+00   1.2153817e+03   7.8040597e+01
   8.3000000e+00   8.0000000e+01   3.8877474e+00   1.2022110e+03   7.9369199e+01
   8.3500000e+00   8.0000000e+01   4.7888747e+00   1.1907463e+03   8.0270682e+01
   8.4000000e+00   8.0000000e+01   5.1453075e+00   1.1808203e+03   8.0625902e+01
   8.4500000e+00   8.0000000e+01   4.9838790e+00   1.1722816e+03   8.0463044e+01
   8.5000000e+00   8.0000000e+01   4.4495625e+00   1.1649926e+03   7.9928210e+01
   8.5500000e+00   8.0000000e+01   3.7450742e+00   1.1588288e+03   7.9224797e+01
   8.6000000e+00   8.0000000e+01   3.0650665e+00   1.1536771e+03   7.8547630e+01
   8.6500000e+00   8.0000000e+01   2.5517433e+00   1.1494350e+03   7.8038657e+01
   8.7000000e+00   8.0000000e+01   2.2786901e+00   1.1460094e+03   7.7770939e+01
   8.7500000e+00   8.0000000e+01   2.2551561e+00   1.1433160e+03   7.7753096e+01
   8.8000000e+00   8.0000000e+01   2.4404363e+00   1.1412779e+03   7.7943843e+01
   8.8500000e+00   8.0000000e+01   2.7618258e+00   1.1398256e+03   7.8270039e+01
   8.9000000e+00   8.0000000e+01   3.1333999e+00   1.1388959e+03   7.8645526e+01
   8.9500000e+00   8.0000000e+01   3.4741305e+00   1.1384313e+03   7.8989255e+01
   9.0000000e+00   8.0000000e+01   3.7232189e+00   1.1383795e+03   7.9240587e+01
   9.0500000e+00   8.0000000e+01   3.8498012e+00   1.1386931e+03   7.9368933e+01
   9.1000000e+00   8.0000000e+01   3.8548324e+00   1.1393289e+03   7.9375560e+01
   9.1500000e+00   8.0000000e+01   3.7651592e+00   1.1402476e+03   7.9287589e+01
   9.2000000e+00   8.0000000e+01   3.6223608e+00   1.1414134e+03   7.9146786e+01
   9.2500000e+00   8.0000000e+01   3.4703365e+00   1.1427936e+03   7.8997127e+01
   9.3000000e+00   8.0000000e+01   3.3451853e+00   1.1443587e+03   7.8874687e+01
   9.3500000e+00   8.0000000e+01   3.2692919e+00   1.1460816e+03   7.8801752e+01
   9.4000000e+00   8.0000000e+01   3.2498038e+00   1.1479375e+03   7.8785333e+01
   9.4500000e+00   8.0000000e+01   3.2805904e+00   1.1499040e+03   7.8819164e+01
   9.5000000e+00   8.0000000e+01   3.3463714e+00   1.1519606e+03   7.8887857e+01
   9.5500000e+00   8.0000000e+01   3.4277275e+00   1.1540884e+03   7.8971930e+01
   9.6000000e+00   8.0000000e+01   3.5058906e+00   1.1562703e+03   7.9052600e+01
   9.6500000e+00   8.0000000e+01   3.5664632e+00   1.1584906e+03   7.9115498e+01
   9.7000000e+00   8.0000000e+01   3.6015258e+00   1.1607351e+03   7.9152759e+01
   9.7500000e+00   8.0000000e+01   3.6099856e+00   1.1629905e+03   7.9163359e+01
   9.8000000e+00   8.0000000e+01   3.5964078e+00   1.1652449e+03   7.9151924e+01
   9.8500000e+00   8.0000000e+01   3.5688807e+00   1.1674872e+03   7.9126589e+01
   9.9000000e+00   8.0000000e+01   3.5365846e+00   1.1697074e+03   7.9096557e+01
   9.9500000e+00   8.0000000e+01   3.5076609e+00   1.1718962e+03   7.9069973e+01
   1.0000000e+01   8.0000000e+01   3.4877768e+00   1.1740452e+03   7.9052487e+01
   1.0050000e+01   8.0000000e+01   3.4795260e+00   1.1761466e+03   7.9046668e+01
   1.0100000e+01   8.0000000e+01   3.4825995e+00   1.1781932e+03   7.9052180e+01
   1.0150000e+01   8.0000000e+01   3.4945141e+00   1.1801785e+03   7.9066514e+01
   1.0200000e+01   8.0000000e+01   3.5116330e+00   1.1820965e+03   7.9086019e+01
   1.0250000e+01   8.0000000e+01   3.5302151e+00   1.1839417e+03   7.9106947e+01
   1.0300000e+01   8.0000000e+01   3.5472834e+00   1.1857090e+03   7.9126326e+01
   1.0350000e+01   8.0000000e+01   3.5296318e+00   1.1873938e+03   7.9110938e+01
   1.0400000e+01   8.0000000e+01   3.5106421e+00   1.1889919e+03   7.9094202e+01
   1.0450000e+01   8.0000000e+01   3.5028702e+00   1.1904993e+03   7.9088699e+01
   1.0500000e+01   8.0000000e+01   3.4905523e+00   1.1919126e+03   7.9078662e+01
   1.0550000e+01   8.0000000e+01   3.4752539e+00   1.1932284e+03   7.9065664e+01
   1.0600000e+01   8.0000000e+01   3.4584221e+00   1.1944438e+03   7.9051157e+01
   1.0650000e+01   8.0000000e+01   3.4410178e+00   1.1955561e+03   7.9036099e+01
   1.0700000e+01   8.0000000e+01   3.4232875e+00   1.1965628e+03   7.9020732e+01
   1.0750000e+01   8.0000000e+01   3.4046806e+00   1.1974618e+03   7.9004501e+01
   1.0800000e+01   8.0000000e+01   3.3838760e+00   1.1982511e+03   7.8986080e+01
   1.0850000e+01   8.0000000e+01   3.4156598e+00   1.1989287e+03   7.9020290e+01
   1.0900000e+01   8.0000000e+01   3.4283625e+00   1.1994932e+03   7.9035410e+01
   1.0950000e+01   8.0000000e+01   3.4203266e+00   1.1999432e+03   7.9029783e+01
   1.1000000e+01   8.0000000e+01   3.4101229e+00   1.2002773e+03   7.9021994e+01
   1.1050000e+01   8.0000000e+01   3.3970946e+00   1.2004946e+03   7.9011389e+01
   1.1100000e+01   8.0000000e+01   3.3807222e+00   1.2005940e+03   7.8997453e+01
   1.1150000e+01   8.0000000e+01   3.3605316e+00   1.2005748e+03   7.8979714e+01
   1.1200000e+01   8.0000000e+01   3.3359589e+00   1.2004364e+03   7.8957610e+01
   1.1250000e+01   8.0000000e+01   3.3501819e+00   1.2001783e+03   7.8974352e+01
   1.1300000e+01   8.0000000e+01   3.3593246e+00   1.1998002e+03   7.8986031e+01
   1.1350000e+01   8.0000000e+01   3.3450478e+00   1.1993016e+03   7.8974296e+01
   1.1400000e+01   8.0000000e+01   3.3299682e+00   1.1986827e+03   7.8961779e+01
   1.1450000e+01   8.0000000e+01   3.3137822e+00   1.1979433e+03   7.8948176e+01
   1.1500000e+01   8.0000000e+01   3.2960165e+00   1.1970835e+03   7.8933013e+01
   1.1550000e+01   8.0000000e+01   3.2760492e+00   1.1961036e+03   7.8915668e+01
   1.1600000e+01   8.0000000e+01   3.2531309e+00   1.1950039e+03   7.8895390e+01
   1.1650000e+01   8.0000000e+01   3.2263978e+00   1.1937849e+03   7.8871317e+01
   1.1700000e+01   8.0000000e+01   3.2522840e+00   1.1924470e+03   7.8899924e+01
   1.1750000e+01   8.0000000e+01   3.2561348e+00   1.1909908e+03   7.8906504e+01
   1.1800000e+01   8.0000000e+01   3.2402918e+00   1.1894172e+03   7.8893401e+01
   1.1850000e+01   8.0000000e+01   3.2232742e+00   1.1877268e+03   7.8879148e+01
   1.1900000e+01   8.0000000e+01   3.2049979e+00   1.1859206e+03   7.8863662e+01
   1.1950000e+01   8.0000000e+01   3.1853649e+00   1.1839996e+03   7.8846846e+01
   1.2000000e+01   8.0000000e+01   3.1642539e+00   1.1819648e+03   7.8828577e+01
   1.2050000e+01   8.0000000e+01   3.1415185e+00   1.1798174e+03   7.8808712e+01
   1.2100000e+01   8.0000000e+01   3.1169960e+00   1.1775587e+03   7.8787085e+01
   1.2150000e+01   8.0000000e+01   3.1296139e+00   1.1751899e+03   7.8802654e+01
   1.2200000e+01   8.0000000e+01   3.1337992e+00   1.1727125e+03   7.8809812e+01
   1.2250000e+01   8.0000000e+01   3.1171563e+00   1.1701278e+03   7.8796155e+01
   1.2300000e+01   8.0000000e+01   3.1000055e+00   1.1674376e+03   7.8782019e+01
   1.2350000e+01   8.0000000e+01   3.0823329e+00   1.1646433e+03   7.8767389e+01
   1.2400000e+01   8.0000000e+01   3.0641527e+00   1.1617466e+03   7.8752281e+01
   1.2450000e+01   8.0000000e+01   3.0455109e+00   1.1587494e+03   7.8736741e+01
   1.2500000e+01   8.0000000e+01   3.0264857e+00   1.1556534e+03   7.8720846e+01
   1.2550000e+01   8.0000000e+01   3.0071846e+00   1.1524605e+03   7.8704706e+01
   1.2600000e+01   8.0000000e+01   2.9877392e+00   1.1491728e+03   7.8688452e+01
   1.2650000e+01   8.0000000e+01   2.9682982e+00   1.1457921e+03   7.8672232e+01
   1.2700000e+01   8.0000000e+01   2.9490197e+00   1.1423206e+03   7.8656206e+01
   1.2750000e+01   8.0000000e+01   2.9300618e+00   1.1387605e+03   7.8640532e+01
   1.2800000e+01   8.0000000e+01   2.9360277e+00   1.1351139e+03   7.8649830e+01
   1.2850000e+01   8.0000000e+01   2.9372491e+00   1.1313831e+03   7.8654411e+01
   1.2900000e+01   8.0000000e+01   2.9202155e+00   1.1275704e+03   7.8640754e+01
   1.2950000e+01   8.0000000e+01   2.9032535e+00   1.1236781e+03   7.8627199e+01
   1.3000000e+01   8.0000000e+01   2.8864105e+00   1.1197087e+03   7.8613793e+01
   1.3050000e+01   8.0000000e+01   7.0380447e+00   1.2108272e+03   8.2764654e+01
   1.3100000e+01   8.0000000e+01   1.1840116e+01   1.2928177e+03   8.7553529e+01
   1.3150000e+01   8.0000000e+01   1.4603613e+01   1.3665444e+03   9.0294209e+01
   1.3200000e+01   8.0000000e+01   1.4940274e+01   1.4327898e+03   9.0604225e+01
   1.3250000e+01   8.0000000e+01   1.3383688e+01   1.4922620e+03   8.9022703e+01
   1.3300000e+01   8.0000000e+01   1.0940762e+01   1.5456023e+03   8.6560113e+01
   1.3350000e+01   8.0000000e+01   8.4505976e+00   1.5933909e+03   8.4056709e+01
   1.3400000e+01   8.0000000e+01   6.4524911e+00   1.6361534e+03   8.2051255e+01
   1.3450000e+01   8.0000000e+01   4.9084882e+00   1.6743655e+03   8.0504266e+01
   1.3500000e+01   8.0000000e+01   4.0865678e+00   1.7084580e+03   7.9682253e+01
   1.3550000e+01   8.0000000e+01   3.8239654e+00   1.7388210e+03   7.9420922e+01
   1.3600000e+01   8.0000000e+01   3.9283708e+00   1.7658077e+03   7.9526734e+01
   1.3650000e+01   8.0000000e+01   1.1935828e+00   1.6945756e+03   7.6796039e+01
   1.3700000e+01   8.0000000e+01   0.0000000e+00   1.6296329e+03   7.4049226e+01
   1.3750000e+01   8.0000000e+01   0.0000000e+00   1.5703804e+03   7.2134621e+01
   1.3800000e+01   8.0000000e+01   0.0000000e+00   1.5162763e+03   7.0911271e+01
   1.3850000e+01   8.0000000e+01   0.0000000e+00   1.4668304e+03   7.0041533e+01
   1.3900000e+01   8.0000000e+01   0.0000000e+00   1.4215996e+03   6.9624477e+01
   1.3950000e+01   8.0000000e+01   0.0000000e+00   1.3801834e+03   6.9521904e+01
   1.4000000e+01   8.0000000e+01   0.0000000e+00   1.3422196e+03   6.9679795e+01
   1.4050000e+01   8.0000000e+01   0.0000000e+00   1.3073807e+03   7.0065240e+01
   1.4100000e+01   8.0000000e+01   0.0000000e+00   1.2753708e+03   7.0655612e+01
   1.4150000e+01   8.0000000e+01   0.0000000e+00   1.2459224e+03   7.1444886e+01
   1.4200000e+01   8.0000000e+01   0.0000000e+00   1.2187937e+03   7.2348535e+01
   1.4250000e+01   8.0000000e+01   0.0000000e+00   1.1937663e+03   7.3342857e+01
   1.4300000e+01   8.0000000e+01   7.0486100e-01   1.1706430e+03   7.4515358e+01
   1.4350000e+01   8.0000000e+01   1.9132927e+00   1.1492454e+03   7.5735972e+01
   1.4400000e+01   8.0000000e+01   2.9613266e+00   1.1294125e+03   7.6793320e+01
   1.4450000e+01   8.0000000e+01   3.6716365e+00   1.1109990e+03   7.7510715e+01
   1.4500000e+01   8.0000000e+01   3.9524395e+00   1.0938735e+03   7.7797346e+01
   1.4550000e+01   8.0000000e+01   3.8178598e+00   1.0779177e+03   7.7668408e+01
   1.4600000e+01   8.0000000e+01   3.3739654e+00   1.0630245e+03   7.7230885e+01
   1.4650000e+01   8.0000000e+01   2.7774156e+00   1.0490976e+03   7.6642017e+01
   1.4700000e+01   8.0000000e+01   2.1868656e+00   1.0360500e+03   7.6060634e+01
   1.4750000e+01   8.0000000e+01   1.7260104e+00   1.0238031e+03   7.5610250e+01
   1.4800000e+01   8.0000000e+01   1.4657811e+00   1.0122864e+03   7.5361370e+01
   1.4850000e+01   8.0000000e+01   1.4228485e+00   1.0014361e+03   7.5330130e+01
   1.4900000e+01   8.0000000e+01   1.5680741e+00   9.9119482e+02   7.5486878e+01
   1.4950000e+01   8.0000000e+01   1.8400581e+00   9.8151096e+02   7.5769817e+01
   1.5000000e+01   8.0000000e+01   2.1612970e+00   9.7233804e+02   7.6101226e+01
   1.5050000e+01   8.0000000e+01   2.4549948e+00   9.6363426e+02   7.6404285e+01
   1.5100000e+01   8.0000000e+01   2.6620970e+00   9.5536207e+02   7.6620089e+01
   1.5150000e+01   8.0000000e+01   2.7510712e+00   9.4748773e+02   7.6717369e+01
   1.5200000e+01   8.0000000e+01   2.7217350e+00   9.3998095e+02   7.6696247e+01
   1.5250000e+01   8.0000000e+01   2.6016863e+00   9.3281457e+02   7.6584586e+01
   1.5300000e+01   8.0000000e+01   2.4348701e+00   9.2596425e+02   7.6426504e+01
   1.5350000e+01   8.0000000e+01   2.2682713e+00   9.1940818e+02   7.6269042e+01
   1.5400000e+01   8.0000000e+01   2.1400017e+00   9.1312686e+02   7.6150262e+01
   1.5450000e+01   8.0000000e+01   2.0733516e+00   9.0710288e+02   7.6093323e+01
   1.5500000e+01   8.0000000e+01   2.0725513e+00   9.0132066e+02   7.6102294e+01
   1.5550000e+01   8.0000000e+01   2.1267492e+00   8.9576634e+02   7.6166167e+01
   1.5600000e+01   8.0000000e+01   2.2133879e+00   8.9042757e+02   7.6262276e+01
   1.5650000e+01   8.0000000e+01   2.3068186e+00   8.8529339e+02   7.6364924e+01
   1.5700000e+01   8.0000000e+01   2.3839598e+00   8.8035403e+02   7.6451041e+01
   1.5750000e+01   8.0000000e+01   2.4291794e+00   8.7560088e+02   7.6505060e+01
   1.5800000e+01   8.0000000e+01   2.4363571e+00   8.7102630e+02   7.6520950e+01
   1.5850000e+01   8.0000000e+01   2.4098766e+00   8.6662355e+02   7.6503185e+01
   1.5900000e+01   8.0000000e+01   2.3628737e+00   8.6238670e+02   7.6464971e+01
   1.5950000e+01   8.0000000e+01   2.3095918e+00   8.5831055e+02   7.6420585e+01
   1.6000000e+01   8.0000000e+01   2.2652266e+00   8.5439053e+02   7.6385217e+01
   1.6050000e+01   8.0000000e+01   2.2381745e+00   8.5062267e+02   7.6367231e+01
   1.6100000e+01   8.0000000e+01   2.2337206e+00   8.4700349e+02   7.6371860e+01
   1.6150000e+01   8.0000000e+01   2.2487164e+00   8.4353001e+02   7.6395902e+01
   1.6200000e+01   8.0000000e+01   2.2762697e+00   8.4019961e+02   7.6432424e+01
   1.6250000e+01   8.0000000e+01   2.3089313e+00   8.3701007e+02   7.6473954e+01
   1.6300000e+01   8.0000000e+01   2.3373009e+00   8.3395949e+02   7.6511093e+01
   1.6350000e+01   8.0000000e+01   2.3565808e+00   8.3104624e+02   7.6539060e+01
   1.6400000e+01   8.0000000e+01   2.3632291e+00   8.2826895e+02   7.6554341e+01
   1.6450000e+01   8.0000000e+01   2.3585703e+00   8.2562646e+02   7.6558292e+01
   1.6500000e+01   8.0000000e+01   2.3465477e+00   8.2311781e+02   7.6554879e+01
   1.6550000e+01   8.0000000e+01   2.3323860e+00   8.2074221e+02   7.6549339e+01
   1.6600000e+01   8.0000000e+01   2.3210796e+00   8.1849899e+02   7.6546666e+01
   1.6650000e+01   8.0000000e+01   2.3161640e+00   8.1638762e+02   7.6550383e+01
   1.6700000e+01   8.0000000e+01   2.3190503e+00   8.1440767e+02   7.6561883e+01
   1.6750000e+01   8.0000000e+01   2.3290070e+00   8.1255879e+02   7.6580416e+01
   1.6800000e+01   8.0000000e+01   2.3436895e+00   8.1084070e+02   7.6603621e+01
   1.6850000e+01   8.0000000e+01   2.3599978e+00   8.0925317e+02   7.6628392e+01
   1.6900000e+01   8.0000000e+01   2.3749946e+00   8.0779603e+02   7.6651790e+01
   1.6950000e+01   8.0000000e+01   2.3866394e+00   8.0646911e+02   7.6671782e+01
   1.7000000e+01   8.0000000e+01   2.3941768e+00   8.0527229e+02   7.6687621e+01
   1.7050000e+01   8.0000000e+01   2.3981302e+00   8.0420545e+02   7.6699842e+01
   1.7100000e+01   8.0000000e+01   2.3999610e+00   8.0326846e+02   7.6709913e+01
   1.7150000e+01   8.0000000e+01   2.4015367e+00   8.0246120e+02   7.6719704e+01
   1.7200000e+01   8.0000000e+01   2.4045748e+00   8.0178352e+02   7.6730931e+01
   1.7250000e+01   8.0000000e+01   2.4102164e+00   8.0123527e+02   7.6744731e+01
   1.7300000e+01   8.0000000e+01   2.4188172e+00   8.0081626e+02   7.6761452e+01
   1.7350000e+01   8.0000000e+01   2.4299801e+00   8.0052628e+02   7.6780690e+01
   1.7400000e+01   8.0000000e+01   2.4427785e+00   8.0036507e+02   7.6801513e+01
   1.7450000e+01   8.0000000e+01   2.4560847e+00   8.0033234e+02   7.6822791e+01
   1.7500000e+01   8.0000000e+01   2.4688976e+00   8.0042777e+02   7.6843523e+01
   1.7550000e+01   8.0000000e+01   2.4805858e+00   8.0065097e+02   7.6863080e+01
   1.7600000e+01   8.0000000e+01   2.4909930e+00   8.0100150e+02   7.6881309e+01
   1.7650000e+01   8.0000000e+01   2.5004011e+00   8.0147890e+02   7.6898494e+01
   1.7700000e+01   8.0000000e+01   2.5093825e+00   8.0208262e+02   7.6915211e+01
   1.7750000e+01   8.0000000e+01   2.5185990e+00   8.0281208e+02   7.6932121e+01
   1.7800000e+01   8.0000000e+01   2.5286103e+00   8.0366662e+02   7.6949782e+01
   1.7850000e+01   8.0000000e+01   2.5397401e+00   8.0464553e+02   7.6968516e+01
   1.7900000e+01   8.0000000e+01   2.5520275e+00   8.0574804e+02   7.6988360e+01
   1.7950000e+01   8.0000000e+01   2.5652617e+00   8.0697332e+02   7.7009100e+01
   1.8000000e+01   8.0000000e+01   2.5790773e+00   8.0832048e+02   7.7030368e+01
   1.8050000e+01   8.0000000e+01   2.5930746e+00   8.0978855e+02   7.7051765e+01
   1.8100000e+01   8.0000000e+01   2.6069292e+00   8.1137651e+02   7.7072966e+01
   1.8150000e+01   8.0000000e+01   2.6204633e+00   8.1308327e+02   7.7093794e+01
   1.8200000e+01   8.0000000e+01   2.6336656e+00   8.1490767e+02   7.7114238e+01
   1.8250000e+01   8.0000000e+01   2.6466641e+00   8.1684850e+02   7.7134428e+01
   1.8300000e+01   8.0000000e+01   2.6596665e+00   8.1890448e+02   7.7154572e+01
   1.8350000e+01   8.0000000e+01   2.6727243e+00   8.2107425e+02   7.7174720e+01
   1.8400000e+01   8.0000000e+01   2.6859539e+00   8.2335640e+02   7.7194990e+01
   1.8450000e+01   8.0000000e+01   2.7005554e+00   8.2574945e+02   7.7216579e+01
   1.8500000e+01   8.0000000e+01   2.7152671e+00   8.2825185e+02   7.7238224e+01
   1.8550000e+01   8.0000000e+01   2.7301687e+00   8.3086201e+02   7.7260005e+01
   1.8600000e+01   8.0000000e+01   2.7451872e+00   8.3357824e+02   7.7281849e+01
   1.8650000e+01   8.0000000e+01   2.7602278e+00   8.3639882e+02   7.7303660e+01
   1.8700000e+01   8.0000000e+01   2.7752243e+00   8.3932194e+02   7.7325372e+01
   1.8750000e+01   8.0000000e+01   2.7901567e+00   8.4234577e+02   7.7346966e+01
   1.8800000e+01   8.0000000e+01   2.8050474e+00   8.4546837e+02   7.7368465e+01
   1.8850000e+01   8.0000000e+01   2.8196794e+00   8.4868777e+02   7.7389651e+01
   1.8900000e+01   8.0000000e+01   2.8344056e+00   8.5200195e+02   7.7410879e+01
   1.8950000e+01   8.0000000e+01   2.8499564e+00   8.5540880e+02   7.7432877e+01
   1.9000000e+01   8.0000000e+01   2.8653519e+00   8.5890619e+02   7.7454665e+01
   1.9050000e+01   8.0000000e+01   7.6075486e+00   9.5765449e+02   8.2198495e+01
   1.9100000e+01   8.0000000e+01   1.3421751e+01   1.0474329e+03   8.7999580e+01
   1.9150000e+01   8.0000000e+01   1.6501544e+01   1.1291010e+03   9.1054843e+01
   1.9200000e+01   8.0000000e+01   1.6255490e+01   1.2034362e+03   9.0780824e+01
   1.9250000e+01   8.0000000e+01   1.3691735e+01   1.2711415e+03   8.8193000e+01
   1.9300000e+01   8.0000000e+01   1.0381418e+01   1.3328531e+03   8.4866405e+01
   1.9350000e+01   8.0000000e+01   7.3495154e+00   1.3891460e+03   8.1826319e+01
   1.9400000e+01   8.0000000e+01   5.2304656e+00   1.4405403e+03   7.9705631e+01
   1.9450000e+01   8.0000000e+01   3.9601600e+00   1.4875066e+03   7.8437860e+01
   1.9500000e+01   8.0000000e+01   3.5654496e+00   1.5304700e+03   7.8047770e+01
   1.9550000e+01   8.0000000e+01   3.6921699e+00   1.5698151e+03   7.8179349e+01
   1.9600000e+01   8.0000000e+01   4.2559967e+00   1.6058896e+03   7.8747103e+01
   1.9650000e+01   8.0000000e+01   1.6721050e+00   1.5438452e+03   7.6168970e+01
   1.9700000e+01   8.0000000e+01   0.0000000e+00   1.4881845e+03   7.3438978e+01
   1.9750000e+01   8.0000000e+01   0.0000000e+00   1.4383024e+03   7.1571449e+01
   1.9800000e+01   8.0000000e+01   0.0000000e+00   1.3936511e+03   7.0351768e+01
   1.9850000e+01   8.0000000e+01   0.0000000e+00   1.3537347e+03   6.9800429e+01
   1.9900000e+01   8.0000000e+01   0.0000000e+00   1.3181041e+03   6.9613249e+01
   1.9950000e+01   8.0000000e+01   0.0000000e+00   1.2863528e+03   6.9794016e+01
   2.0000000e+01   8.0000000e+01   0.0000000e+00   1.2581125e+03   7.0274666e+01
   2.0050000e+01   8.0000000e+01   0.0000000e+00   1.2330497e+03   7.1030062e+01
   2.0100000e+01   8.0000000e+01   0.0000000e+00   1.2108623e+03   7.2039855e+01
   2.0150000e+01   8.0000000e+01   0.0000000e+00   1.1912767e+03   7.3287766e+01
   2.0200000e+01   8.0000000e+01   1.2326264e+00   1.1740451e+03   7.4593461e+01
   2.0250000e+01   8.0000000e+01   2.6078789e+00   1.1589427e+03   7.5980490e+01
   2.0300000e+01   8.0000000e+01   3.8048767e+00   1.1457661e+03   7.7185985e+01
   2.0350000e+01   8.0000000e+01   4.6002231e+00   1.1343307e+03   7.7987308e+01
   2.0400000e+01   8.0000000e+01   4.9024579e+00   1.1244694e+03   7.8294139e+01
   2.0450000e+01   8.0000000e+01   4.7439767e+00   1.1160306e+03   7.8140085e+01
   2.0500000e+01   8.0000000e+01   4.2581699e+00   1.1088767e+03   7.7659533e+01
   2.0550000e+01   8.0000000e+01   3.6261741e+00   1.1028830e+03   7.7034213e+01
   2.0600000e+01   8.0000000e+01   3.0204189e+00   1.0979364e+03   7.6436697e+01
   2.0650000e+01   8.0000000e+01   2.5666323e+00   1.0939343e+03   7.5992475e+01
   2.0700000e+01   8.0000000e+01   2.3297366e+00   1.0907834e+03   7.5765992e+01
   2.0750000e+01   8.0000000e+01   2.3173616e+00   1.0883990e+03   7.5764312e+01
   2.0800000e+01   8.0000000e+01   2.4924701e+00   1.0867045e+03   7.5949876e+01
   2.0850000e+01   8.0000000e+01   2.7894607e+00   1.0856298e+03   7.6256689e+01
   2.0900000e+01   8.0000000e+01   3.1308387e+00   1.0851115e+03   7.6607049e+01
   2.0950000e+01   8.0000000e+01   3.4440667e+00   1.0850920e+03   7.6928403e+01
   2.1000000e+01   8.0000000e+01   3.6747472e+00   1.0855187e+03   7.7166495e+01
   2.1050000e+01   8.0000000e+01   3.7954474e+00   1.0863438e+03   7.7294142e+01
   2.1100000e+01   8.0000000e+01   3.8065697e+00   1.0875237e+03   7.7312028e+01
   2.1150000e+01   8.0000000e+01   3.7317688e+00   1.0890190e+03   7.7244055e+01
   2.1200000e+01   8.0000000e+01   3.6082588e+00   1.0907933e+03   7.7127608e+01
   2.1250000e+01   8.0000000e+01   3.4753147e+00   1.0928138e+03   7.7002034e+01
   2.1300000e+01   8.0000000e+01   3.3655442e+00   1.0950503e+03   7.6899921e+01
   2.1350000e+01   8.0000000e+01   3.2995468e+00   1.0974755e+03   7.6841782e+01
   2.1400000e+01   8.0000000e+01   3.2836811e+00   1.1000641e+03   7.6833857e+01
   2.1450000e+01   8.0000000e+01   3.3135822e+00   1.1027932e+03   7.6871656e+01
   2.1500000e+01   8.0000000e+01   3.3755512e+00   1.1056417e+03   7.6941385e+01
   2.1550000e+01   8.0000000e+01   3.4522230e+00   1.1085905e+03   7.7025618e+01
   2.1600000e+01   8.0000000e+01   3.5272920e+00   1.1116218e+03   7.7108036e+01
   2.1650000e+01   8.0000000e+01   3.5874941e+00   1.1147195e+03   7.7175396e+01
   2.1700000e+01   8.0000000e+01   3.6251364e+00   1.1178686e+03   7.7220055e+01
   2.1750000e+01   8.0000000e+01   3.6384551e+00   1.1210554e+03   7.7240308e+01
   2.1800000e+01   8.0000000e+01   3.6315547e+00   1.1242675e+03   7.7240315e+01
   2.1850000e+01   8.0000000e+01   3.6117340e+00   1.1274931e+03   7.7227419e+01
   2.1900000e+01   8.0000000e+01   3.5863713e+00   1.1307215e+03   7.7209019e+01
   2.1950000e+01   8.0000000e+01   3.5626980e+00   1.1339430e+03   7.7192352e+01
   2.2000000e+01   8.0000000e+01   3.5462312e+00   1.1371484e+03   7.7182924e+01
   2.2050000e+01   8.0000000e+01   3.5387138e+00   1.1403291e+03   7.7182455e+01
   2.2100000e+01   8.0000000e+01   3.5404993e+00   1.1434775e+03   7.7191274e+01
   2.2150000e+01   8.0000000e+01   3.5494361e+00   1.1465863e+03   7.7207209e+01
   2.2200000e+01   8.0000000e+01   3.5623419e+00   1.1496488e+03   7.7227062e+01
   2.2250000e+01   8.0000000e+01   3.5759391e+00   1.1526588e+03   7.7247550e+01
   2.2300000e+01   8.0000000e+01   3.5866742e+00   1.1556105e+03   7.7265120e+01
   2.2350000e+01   8.0000000e+01   3.5916170e+00   1.1584984e+03   7.7276851e+01
   2.2400000e+01   8.0000000e+01   3.5901925e+00   1.1613177e+03   7.7282180e+01
   2.2450000e+01   8.0000000e+01   3.5821127e+00   1.1640636e+03   7.7280831e+01
   2.2500000e+01   8.0000000e+01   3.5676552e+00   1.1667319e+03   7.7273091e+01
   2.2550000e+01   8.0000000e+01   3.5471851e+00   1.1693184e+03   7.7259332e+01
   2.2600000e+01   8.0000000e+01   3.5716632e+00   1.1718195e+03   7.7290554e+01
   2.2650000e+01   8.0000000e+01   3.5849635e+00   1.1742316e+03   7.7310590e+01
   2.2700000e+01   8.0000000e+01   3.5769722e+00   1.1765515e+03   7.7309316e+01
   2.2750000e+01   8.0000000e+01   3.5694446e+00   1.1787762e+03   7.7308500e+01
   2.2800000e+01   8.0000000e+01   3.5617339e+00   1.1809027e+03   7.7307490e+01
   2.2850000e+01   8.0000000e+01   3.5526515e+00   1.1829286e+03   7.7305095e+01
   2.2900000e+01   8.0000000e+01   3.5405162e+00   1.1848513e+03   7.7299631e+01
   2.2950000e+01   8.0000000e+01   3.5231390e+00   1.1866686e+03   7.7288907e+01
   2.3000000e+01   8.0000000e+01   3.5433397e+00   1.1883783e+03   7.7315778e+01
   2.3050000e+01   8.0000000e+01   3.5638323e+00   1.1899786e+03   7.7342932e+01
   2.3100000e+01   8.0000000e+01   3.5559615e+00   1.1914677e+03   7.7341697e+01
   2.3150000e+01   8.0000000e+01   3.5454725e+00   1.1928439e+03   7.7337839e+01
   2.3200000e+01   8.0000000e+01   3.5318500e+00   1.1941057e+03   7.7330846e+01
   2.3250000e+01   8.0000000e+01   3.5142558e+00   1.1952517e+03   7.7319880e+01
   2.3300000e+01   8.0000000e+01   3.4912617e+00   1.1962807e+03   7.7303514e+01
   2.3350000e+01   8.0000000e+01   3.4604932e+00   1.1971916e+03   7.7279370e+01
   2.3400000e+01   8.0000000e+01   3.4949312e+00   1.1979834e+03   7.7320483e+01
   2.3450000e+01   8.0000000e+01   3.5046362e+00   1.1986551e+03   7.7336849e+01
   2.3500000e+01   8.0000000e+01   3.4920459e+00   1.1992061e+03   7.7330907e+01
   2.3550000e+01   8.0000000e+01   3.4770056e+00   1.1996356e+03   7.7322517e+01
   2.3600000e+01   8.0000000e+01   3.4581916e+00   1.1999431e+03   7.7310355e+01
   2.3650000e+01   8.0000000e+01   3.4336606e+00   1.2001281e+03   7.7292476e+01
   2.3700000e+01   8.0000000e+01   3.4005504e+00   1.2001903e+03   7.7266019e+01
   2.3750000e+01   8.0000000e+01   3.4349391e+00   1.2001295e+03   7.7307115e+01
   2.3800000e+01   8.0000000e+01   3.4419334e+00   1.1999454e+03   7.7320805e+01
   2.3850000e+01   8.0000000e+01   3.4264901e+00   1.1996380e+03   7.7312052e+01
   2.3900000e+01   8.0000000e+01   3.4081601e+00   1.1992074e+03   7.7300420e+01
   2.3950000e+01   8.0000000e+01   3.3857714e+00   1.1986537e+03   7.7284737e+01
   2.4000000e+01   8.0000000e+01   3.3575658e+00   1.1979770e+03   7.7263246e+01
